nan
3.39018e-17
3.42871e-17
3.40054e-17
3.38582e-17
3.30141e-17
3.21522e-17
3.13418e-17
3.02044e-17
2.91324e-17
2.87585e-17
2.78458e-17
2.70081e-17
2.63362e-17
2.56026e-17
2.49179e-17
2.43123e-17
2.35925e-17
2.30978e-17
2.27496e-17
2.19531e-17
2.17424e-17
2.1305e-17
2.13167e-17
2.1015e-17
2.066e-17
2.04915e-17
2.04282e-17
2.01738e-17
2.01072e-17
2.00351e-17
1.97942e-17
1.97847e-17
1.97685e-17
1.98074e-17
2.00378e-17
2.01714e-17
2.00078e-17
2.04713e-17
2.06523e-17
2.07472e-17
2.11168e-17
2.14061e-17
2.1577e-17
2.21709e-17
2.27164e-17
2.30433e-17
2.39483e-17
2.42446e-17
2.47438e-17
2.55958e-17
2.60547e-17
2.69144e-17
2.78183e-17
2.88705e-17
2.92115e-17
2.96919e-17
3.0627e-17
3.19495e-17
3.26514e-17
3.27675e-17
3.33785e-17
3.38754e-17
3.38303e-17